0.000853
0.000931
0.000905
0.000925
1.387484
0.001453
0.006552
0.029003
0.006570
0.157494
0.000873
0.029188
0.002359
0.000534
0.000558
0.011764
0.000842
12.903003
0.000567
7.208294
11.553105
0.000513
0.000528
0.000890
0.197588
0.000805
0.001425
0.001142
0.000564
15.685385
16.850419
0.001001
0.000560
0.000000
1.302804
0.000336
0.003446
11.765155
0.000000
0.000575
12.903105
0.000523
0.011687
17.685063
0.005611
0.000527
10.737772
0.023524
0.396648
16.850579
0.008900
0.002826
0.023310
2.434766
0.000173
0.003701
0.002551
0.023565
7.400704
0.008798
12.902854
0.027923
0.000000
0.005934
0.000813
20.592931
0.023195
15.321432
0.024787
0.000000
0.001871
0.000000
0.000881
1.414801
0.000884
0.006515
